182 640 175 307 420
611 420 175 711 418
834 272 175 29 89
572 175 112 239 188
809 445 662 803 612
112 239 141 619 437
354 510 272 649 291
537 477 809 597 649
207 420 539 290 477
207 392 804 284 811
207 420 850 98 537
477 711 328 345 731
497 207 448 575 302
448 816 834 442 302
639 272 537 448 192
504 20 354 537 562
437 649 180 648 291
564 157 108 450 537
737 317 299 301 544
662 803 444 807 646
317 37 674 207 809
468 165 239 321 37
106 729 209 433 133
381 461 341 88 207
848 315 405 848 619
175 711 86 175 609
88 207 175 711 161
307 196 420 358 181
281 597 782 710 229
864 718 510 272 199
632 857 634 514 663
857 634 191 857 634
38 668 857 634 702
447 358 514 857 634
479 289 407 514 521
314 420 711 648 109
572 112 834 272 785
649 515 597 175 275
403 803 354 597 804
420 272 260 514 422
214 277 597 272 114
239 464 738 175 653
514 123 54 313 324
330 853 501 313 277
215 196 725 665 409
218 420 448 336 857
623 625 300 427 175
711 823 647 105 825
597 279 415 849 175
415 153 509 608 849
175 354 495 826 175
175 711 52 369 42
323 52 124 795 421
368 661 354 826 323
538 820 327 646 109
239 420 597 96 243
834 272 572 112 530
248 157 239 790 53
562 175 192 402 223
157 354 420 358 825
223 157 354 112 125
112 690 416 160 434
249 827 420 254 597
509 842 799 784 211
597 809 834 389 359
848 850 407 332 285
418 673 112 491 809
834 850 272 649 291
175 448 623 239 112
690 416 160 434 249
827 420 254 597 509
842 799 784 211 597
809 834 389 359 848
850 407 332 285 418
673 112 491 809 834
850 272 649 291 175
448 623 239 649 175
291 510 272 785 302
664 597 448 262 655
97 13 658 694 676
802 186 684 95 22
684 620 337 802 82
497 563 843 628 804
440 509 112 107 477
562 175 175 291 291
448 175 358 217 434
576 747 348 198 628
420 752 403 803 440
803 527 689 165 175
374 420 358 825 527
175 109 420 653 477
448 358 554 152 420
477 598 527 112 448
112 239 640 358 502
649 239 192 112 649
30 452 597 804 640
239 30 88 212 9
740 825 239 646 697
419 510 773 30 90
850 10 34 413 472
850 748 570 207 80
646 112 239 697 188
419 239 695 123 802
419 281 30 90 392
239 802 815 180 439
802 785 175 806 584
640 803 786 402 477
448 358 584 639 477
448 336 112 448 112
239 640 358 502 649
239 192 112 649 30
452 597 804 640 239
30 88 212 9 740
825 239 646 697 419
510 773 30 90 850
10 34 413 472 850
748 570 207 80 646
112 239 697 188 419
239 695 123 802 419
281 30 90 392 239
802 815 180 439 802
785 175 806 584 640
803 786 402 477 448
358 584 639 477 448
336 112 448 112 239
640 358 502 649 239
192 112 649 30 452
597 804 640 239 30
88 212 9 740 825
239 646 697 419 510
773 30 90 850 10
34 413 472 850 748
570 207 80 646 112
239 697 188 419 239
695 123 802 419 281
30 90 392 239 802
815 180 439 802 785
175 806 584 640 803
786 402 477 448 358
584 639 477 448 336
112 448 112 239 640
358 502 649 239 192
112 649 30 452 597
804 640 239 30 88
212 9 740 825 239
646 697 419 510 773
30 90 850 10 34
413 472 850 748 570
207 80 646 112 239
697 188 419 239 695
123 802 419 281 30
90 392 239 802 815
180 439 802 785 175
806 584 640 803 786
402 477 448 358 584
639 477 448 336 448
184 101 847 803 180
646 624 358 153 112
619 112 239 358 614
112 353 631 653 354
112 448 696 789 112
407 485 386 510 639
239 732 175 331 702
405 239 597 804 239
340 256 514 702 349
405 202 175 683 597
98 835 839 430 272
653 109 420 448 499
640 638 437 721 143
319 640 420 576 646
112 161 514 821 514
543 367 359 281 186
629 841 399 142 156
500 426 449 560 372
425 449 736 802 477
698 431 101 514 673
477 354 246 862 101
354 604 246 354 477
547 418 597 649 546
195 418 597 804 546
181 597 804 161 549
418 165 485 150 305
485 124 386 420 597
632 653 170 546 386
485 386 144 238 790
272 448 175 175 809
433 829 176 546 477
175 711 597 854 480
112 484 639 272 649
30 826 272 175 30
82 109 284 826 82
207 327 654 597 420
743 826 624 597 17
170 358 175 306 291
804 836 112 737 485
826 648 826 443 109
733 818 112 508 666
386 485 826 826 443
825 137 826 30 826
443 658 142 848 272
177 468 272 109 339
395 702 143 112 649
592 272 511 175 761
514 225 766 383 711
225 376 312 821 175
383 175 345 821 161
475 597 855 785 161
125 723 542 546 213
354 656 175 112 109
485 471 331 702 793
572 183 548 584 354
196 407 778 546 327
507 200 546 544 354
420 196 410 510 597
112 671 175 711 411
597 272 653 673 454
154 597 53 154 165
239 437 239 514 390
437 175 619 485 673
155 669 276 737 272
412 704 141 175 448
358 175 56 792 489
165 696 239 624 751
386 540 386 793 825
109 331 702 252 469
767 386 320 586 597
470 358 109 239 646
697 711 434 281 721
597 192 175 175 306
420 56 14 331 220
819 236 489 520 354
112 239 56 489 468
443 272 127 175 342
326 834 175 280 181
442 172 602 175 854
735 53 618 56 236
489 711 619 700 281
802 815 405 175 681
468 56 639 56 489
690 196 239 175 711
407 792 570 448 112
448 861 640 335 834
272 437 711 345 146
627 153 789 627 149
383 12 839 11 239
790 514 386 737 584
485 546 477 628 597
546 366 386 679 329
468 272 546 477 579
628 765 623 830 792
140 597 792 168 210
121 702 447 585 477
572 448 60 175 477
603 50 520 75 739
603 154 50 711 175
175 307 196 646 185
84 802 407 6 596
619 7 8 619 103
359 826 30 572 448
79 41 558 175 717
718 348 802 347 586
711 477 109 844 711
181 365 118 109 175
181 281 250 844 151
825 497 587 2 580
247 791 648 531 257
510 272 572 485 834
272 407 175 437 433
571 702 407 112 435
286 63 161 408 364
175 821 192 271 252
442 264 569 166 281
217 120 597 437 433
602 763 568 822 175
209 442 173 488 597
98 342 716 407 546
780 130 597 468 711
272 477 448 613 175
546 780 130 468 723
175 447 546 628 456
780 130 711 225 358
143 227 623 420 572
175 485 546 711 161
323 312 782 468 272
468 610 414 303 272
175 183 358 407 293
239 32 175 611 241
803 510 211 597 448
333 219 649 239 334
323 557 820 702 649
526 120 39 323 636
804 857 215 112 158
239 378 433 804 509
581 385 597 239 790
338 619 112 619 295
232 491 161 260 386
358 100 386 283 175
578 771 112 722 19
284 245 245 175 112
619 112 455 153 534
495 845 322 597 696
813 175 396 211 619
534 109 112 442 375
468 610 414 303 272
175 183 358 407 293
239 32 175 611 241
803 510 211 597 448
333 219 649 239 334
323 557 820 702 649
526 120 39 323 636
804 857 215 112 158
239 378 433 804 509
581 385 597 239 790
338 619 112 619 295
232 491 161 260 386
358 100 386 283 175
578 771 112 722 19
284 245 245 175 112
619 112 455 153 534
495 845 322 597 696
813 175 396 211 619
534 109 112 442 375
192 207 374 175 645
354 667 420 354 129
296 424 194 651 477
129 597 448 188 239
420 109 696 398 420
448 429 188 354 420
141 181 379 363 649
403 803 188 354 78
261 354 514 569 477
503 437 643 525 123
600 707 597 804 514
569 176 16 437 643
737 442 676 175 442
448 598 239 232 675
802 175 427 442 707
175 420 136 417 802
239 396 156 74 707
802 175 632 219 207
3 207 207 255 852
207 284 709 445 112
711 175 785 643 452
112 807 112 455 807
1 175 804 438 4
279 606 707 407 554
477 199 466 457 562
175 643 634 165 354
643 651 220 175 272
785 644 354 851 165
239 192 207 374 175
645 354 667 420 354
129 296 424 194 651
477 129 597 448 188
239 420 109 696 398
420 448 429 188 354
420 141 181 379 363
649 403 803 188 354
78 261 354 514 569
477 503 437 643 525
123 600 707 597 804
514 569 176 16 437
643 737 442 676 175
442 448 598 239 232
675 802 175 427 442
707 175 420 136 417
802 239 396 156 74
707 802 175 632 219
207 3 207 207 255
852 207 284 709 445
112 711 175 785 643
452 112 807 112 455
807 1 175 804 438
4 279 606 707 407
554 477 199 466 457
562 175 643 634 165
354 643 651 220 175
272 785 644 354 851
165 239 383 73 175
802 602 281 597 804
639 696 398 597 226
524 755 327 225 66
796 310 104 803 514
21 66 796 175 448
66 796 161 649 51
711 510 239 420 370
66 72 392 506 653
597 696 407 354 448
358 420 222 561 486
535 239 744 803 66
72 649 420 827 15
161 802 420 66 73
306 642 51 253 99
420 253 696 135 116
66 523 383 73 175
802 602 281 597 804
639 696 398 597 226
524 755 327 225 66
796 310 104 803 514
21 66 796 175 448
66 796 161 649 51
711 510 239 420 370
66 72 392 506 653
597 696 407 354 448
358 420 222 561 486
535 239 744 803 66
72 649 420 827 15
161 802 420 66 73
306 642 51 253 99
420 253 696 135 116
66 523 103 359 826
30 572 448 175 188
537 403 803 216 231
350 348 802 81 562
175 711 485 834 850
175 358 772 711 354
711 384 834 284 175
714 175 391 175 834
713 175 239 468 272
448 817 420 492 347
175 853 234 133 73
597 485 834 165 239
737 151 398 225 175
810 114 358 161 119
239 192 128 514 777
161 510 272 648 239
562 181 281 169 66
404 234 133 165 654
235 133 463 562 239
642 112 239 234 133
562 134 542 73 239
737 485 419 616 827
483 354 697 175 272
854 754 785 400 660
774 282 654 131 327
597 834 570 803 850
821 161 403 702 510
802 442 640 803 192
774 696 407 225 774
742 796 597 774 802
696 848 131 627 327
420 272 477 448 737
584 705 420 477 562
175 711 597 175 597
804 276 768 175 719
812 442 148 825 249
175 273 448 232 175
183 358 288 294 584
175 120 646 112 537
448 448 783 597 448
373 619 175 619 690
528 112 269 809 239
597 272 635 529 165
252 112 192 165 477
711 161 721 291 609
112 693 239 281 213
696 398 407 320 351
633 630 514 234 457
323 43 386 597 290
448 477 572 585 477
640 377 192 468 802
354 325 175 601 834
850 519 670 584 460
749 833 203 677 213
120 597 204 175 713
239 432 577 658 711
354 175 239 161 437
448 358 290 112 448
679 802 111 714 159
360 175 468 143 383
109 112 272 615 582
175 165 510 385 738
595 474 297 831 143
793 109 284 840 168
787 175 696 70 659
112 711 821 688 702
597 804 545 485 386
175 854 383 18 165
356 489 264 471 175
802 407 801 821 738
802 383 18 385 18
792 591 820 142 284
207 805 805 403 803
420 477 448 207 575
327 458 257 513 485
418 210 597 672 123
148 407 145 690 189
437 112 347 711 188
299 753 420 230 442
485 189 477 443 628
711 272 437 188 441
87 393 491 161 125
802 407 485 510 165
535 418 774 742 131
272 175 774 624 427
550 853 776 213 702
354 392 112 774 711
510 272 589 112 132
282 654 109 498 496
407 491 239 790 344
239 621 196 386 853
774 386 328 774 196
420 737 71 691 691
188 354 354 730 627
477 320 113 485 386
420 517 737 775 162
757 805 774 134 131
161 798 583 446 427
272 407 566 165 58
193 98 23 637 165
510 711 850 109 821
779 703 112 714 183
5 352 55 165 239
642 569 418 272 541
119 239 175 383 242
650 175 493 112 623
420 185 88 452 58
594 327 797 354 392
764 806 239 711 804
109 434 728 228 112
739 46 112 159 711
602 575 354 477 448
382 407 640 477 175
239 769 792 168 614
175 597 509 109 752
175 516 552 199 208
617 745 272 209 467
802 758 660 69 660
403 320 663 272 278
175 448 161 125 525
632 626 708 597 225
559 590 175 125 864
514 220 175 572 175
853 274 281 159 175
318 464 139 394 514
364 673 478 407 161
572 272 175 514 682
159 465 175 536 685
274 738 159 853 409
266 514 673 485 510
711 272 853 605 657
605 392 505 346 781
680 143 741 239 782
225 572 175 44 627
272 792 57 809 272
835 591 551 792 837
448 418 487 386 175
533 175 448 358 825
126 420 418 487 386
197 375 386 192 433
354 495 386 49 562
252 418 363 386 790
853 622 168 192 153
510 850 329 802 49
68 593 252 537 112
175 854 407 485 45
362 448 217 448 448
649 792 270 168 735
112 525 123 354 609
323 808 101 28 346
781 680 143 741 239
782 225 572 175 44
627 272 792 57 809
272 835 591 551 792
837 448 418 487 386
175 533 175 448 358
825 126 420 418 487
386 197 375 386 192
433 354 495 386 49
562 252 418 363 386
790 853 622 168 192
153 510 850 329 802
49 68 593 252 537
112 175 854 407 485
45 362 448 217 448
448 649 792 270 168
735 112 525 123 354
609 323 808 101 28
346 781 680 143 741
239 782 225 572 175
44 627 272 792 57
809 272 835 591 551
792 837 448 418 487
386 175 533 175 448
358 825 126 420 418
487 386 197 375 386
192 433 354 495 386
49 562 252 418 363
386 790 853 622 168
192 153 510 850 329
802 49 68 593 252
537 112 175 854 407
485 45 362 448 217
448 448 649 792 270
168 735 112 525 123
354 609 323 808 101
28 93 802 550 853
167 711 448 271 597
804 834 272 572 112
223 157 224 448 183
358 546 468 597 448
109 793 143 702 403
420 712 259 711 112
451 539 372 649 291
177 821 161 795 30
213 398 448 358 66
120 175 386 420 597
112 192 607 109 528
112 711 394 801 433
758 272 175 53 562
711 514 523 175 253
403 386 420 597 715
584 354 386 695 220
809 468 522 656 112
112 399 514 123 386
468 272 572 112 649
858 175 161 239 744
117 117 263 291 835
175 494 26 649 702
175 114 180 597 358
187 699 433 448 476
35 225 854 175 387
113 477 232 649 180
614 854 407 26 343
597 26 770 165 43
31 557 83 77 748
175 272 720 286 782
544 392 858 175 407
27 562 420 514 122
737 477 448 388 477
453 713 806 448 275
26 65 826 81 478
802 407 213 176 490
175 101 553 510 272
175 107 109 528 112
107 834 510 443 272
109 473 112 597 804
239 178 514 649 597
175 407 834 724 436
525 555 462 468 514
225 514 653 597 423
702 175 574 240 821
359 520 175 109 711
693 239 378 239 597
448 24 597 272 640
448 361 720 442 175
225 353 175 632 194
632 569 354 632 190
298 512 175 485 25
762 516 175 448 24
597 272 640 448 361
720 442 175 225 353
175 632 194 632 569
354 632 190 298 512
175 485 25 762 516
175 834 477 562 112
711 328 292 609 37
207 420 58 47 112
477 711 91 304 40
345 37 175 239 790
711 175 62 669 338
802 407 175 611 164
477 711 420 211 477
537 737 477 537 663
272 161 30 211 177
711 392 678 175 539
213 392 599 175 291
180 726 597 188 192
175 188 546 544 800
760 838 595 485 628
706 518 696 175 800
760 386 420 138 557
265 327 572 448 479
546 855 175 546 366
573 617 746 125 737
433 109 752 420 107
287 466 459 420 570
199 477 448 448 658
641 179 477 562 175
617 457 687 398 174
311 354 485 466 457
632 477 354 860 554
477 485 628 727 239
477 597 711 640 585
477 260 409 792 168
597 272 175 328 477
597 835 285 477 737
143 147 428 276 736
341 834 383 109 365
648 109 309 112 272
834 392 486 239 175
213 239 853 821 392
123 237 403 803 291
175 829 112 102 834
639 161 312 175 161
572 468 695 175 789
452 302 163 584 398
673 151 485 514 673
233 803 514 192 556
751 803 514 569 857
673 597 175 281 285
268 267 285 141 262
205 514 589 175 652
514 814 354 122 597
804 437 275 354 420
597 803 440 824 161
271 327 750 216 327
448 112 188 485 112
619 716 843 750 157
223 157 164 420 623
206 221 464 175 641
120 67 803 646 546
157 537 565 355 777
308 653 291 442 175
239 175 448 175 435
281 213 824 284 491
239 112 115 371 112
30 85 614 112 614
803 291 510 850 342
510 856 828 59 94
403 207 491 175 482
407 396 30 64 36
392 251 602 175 448
358 188 112 239 403
803 112 477 711 350
272 244 420 597 272
33 79 126 380 597
804 420 272 759 452
649 239 420 597 800
386 737 834 272 718
532 161 112 485 418
218 386 101 854 407
244 420 597 272 33
79 126 380 597 804
420 272 759 452 649
239 420 597 800 386
737 834 272 718 532
161 112 485 418 218
386 101 854 407 177
649 726 192 110 552
518 349 572 175 129
296 225 530 533 442
569 514 215 239 350
478 181 602 164 211
120 658 597 442 448
335 358 407 686 673
477 790 569 643 452
597 597 804 354 758
220 692 821 175 141
112 192 788 399 554
477 101 192 432 804
109 434 303 713 849
785 101 101 713 112
125 407 584 112 141
262 434 510 316 863
567 804 714 569 354
385 597 804 354 175
442 401 464 220 442
175 737 832 232 675
510 272 175 161 291
481 377 800 808 584
737 649 61 48 418
702 358 602 433 141
175 407 194 192 669
327 572 670 327 418
649 597 98 171 669
161 157 418 219 639
406 112 485 386 420
112 597 545 794 418
398 597 448 448 263
239 239 263 448 358
815 710 419 264 161
597 276 201 790 794
418 597 800 792 124
386 739 794 252 171
161 846 171 258 141
202 177 239 232 649
597 442 177 125 175
587 794 194 597 794
194 520 649 161 533
485 112 794 669 546
701 735 353 272 794
194 624 420 112 199
814 860 859 407 802
357 301 756 56 92
76 588 850 420 850
397 420 358 597 509
112 701 409 418 161
734 597 442 192 318
